10 250 5 2000
15.115 60.053 1010.399
77.158 166.549 1018.962
28.844 80.077 1080.851
109.085 174.598 954.582
171.511 167.585 929.307
185.805 93.690 919.177
164.194 135.468 1014.868
74.353 82.851 971.944
164.562 92.706 961.705
9.158 13.176 980.672
0.000 145.887 10560.802
28.844 0.000 9807.515
200.000 79.274 10235.198
171.511 200.000 10955.166
0.000 79.216 9971.560
10 250 5 2000
15.115 60.053 1010.399
77.158 166.549 1018.962
28.844 80.077 1080.851
109.085 174.598 954.582
171.511 167.585 929.307
185.805 93.690 919.177
164.194 135.468 1014.868
74.353 82.851 971.944
164.562 92.706 961.705
9.158 13.176 980.672
0.000 145.887 10560.802
28.844 0.000 9807.515
200.000 79.274 10235.198
171.511 200.000 10955.166
0.000 79.216 9971.560
10 250 5 2000
15.115 60.053 1010.399
77.158 166.549 1018.962
28.844 80.077 1080.851
109.085 174.598 954.582
171.511 167.585 929.307
185.805 93.690 919.177
164.194 135.468 1014.868
74.353 82.851 971.944
164.562 92.706 961.705
9.158 13.176 980.672
0.000 145.887 10560.802
28.844 0.000 9807.515
200.000 79.274 10235.198
171.511 200.000 10955.166
0.000 79.216 9971.560
10 250 5 2000
15.115 60.053 1010.399
77.158 166.549 1018.962
28.844 80.077 1080.851
109.085 174.598 954.582
171.511 167.585 929.307
185.805 93.690 919.177
164.194 135.468 1014.868
74.353 82.851 971.944
164.562 92.706 961.705
9.158 13.176 980.672
0.000 145.887 10560.802
28.844 0.000 9807.515
200.000 79.274 10235.198
171.511 200.000 10955.166
0.000 79.216 9971.560
10 250 5 2000
15.115 60.053 1010.399
77.158 166.549 1018.962
28.844 80.077 1080.851
109.085 174.598 954.582
171.511 167.585 929.307
185.805 93.690 919.177
164.194 135.468 1014.868
74.353 82.851 971.944
164.562 92.706 961.705
9.158 13.176 980.672
0.000 145.887 10560.802
28.844 0.000 9807.515
200.000 79.274 10235.198
171.511 200.000 10955.166
0.000 79.216 9971.560
10 250 5 2000
15.115 60.053 1010.399
77.158 166.549 1018.962
28.844 80.077 1080.851
109.085 174.598 954.582
171.511 167.585 929.307
185.805 93.690 919.177
164.194 135.468 1014.868
74.353 82.851 971.944
164.562 92.706 961.705
9.158 13.176 980.672
0.000 145.887 10560.802
28.844 0.000 9807.515
200.000 79.274 10235.198
171.511 200.000 10955.166
0.000 79.216 9971.560
10 250 5 2000
15.115 60.053 1010.399
77.158 166.549 1018.962
28.844 80.077 1080.851
109.085 174.598 954.582
171.511 167.585 929.307
185.805 93.690 919.177
164.194 135.468 1014.868
74.353 82.851 971.944
164.562 92.706 961.705
9.158 13.176 980.672
0.000 145.887 10560.802
28.844 0.000 9807.515
200.000 79.274 10235.198
171.511 200.000 10955.166
0.000 79.216 9971.560
10 250 5 2000
15.115 60.053 1010.399
77.158 166.549 1018.962
28.844 80.077 1080.851
109.085 174.598 954.582
171.511 167.585 929.307
185.805 93.690 919.177
164.194 135.468 1014.868
74.353 82.851 971.944
164.562 92.706 961.705
9.158 13.176 980.672
0.000 145.887 10560.802
28.844 0.000 9807.515
200.000 79.274 10235.198
171.511 200.000 10955.166
0.000 79.216 9971.560
