125 100 60 2000
15.115 60.053 1010.399
77.158 166.549 1018.962
28.844 80.077 1080.851
109.085 174.598 954.582
171.511 167.585 929.307
185.805 93.690 919.177
164.194 135.468 1014.868
74.353 82.851 971.944
164.562 92.706 961.705
9.158 13.176 980.672
190.674 93.158 908.316
126.977 178.330 999.214
33.593 81.819 1021.310
17.367 164.799 1011.976
28.885 128.732 1026.584
4.256 157.846 1002.721
166.947 131.082 966.765
192.048 117.060 983.879
94.993 15.845 1058.632
35.259 117.305 1000.501
127.837 164.322 976.144
13.201 30.264 1093.068
163.531 60.625 1071.204
5.820 38.056 1007.995
102.880 107.663 941.271
172.721 100.134 1001.241
69.400 8.413 927.026
79.421 135.612 1045.262
43.747 122.914 916.115
99.354 168.754 1055.667
143.934 182.350 998.586
95.480 78.955 946.923
82.659 165.961 1046.351
11.393 26.288 1016.617
99.072 56.934 996.399
177.264 19.648 1015.232
53.558 7.472 1074.698
9.371 63.783 963.480
90.225 59.967 1051.452
133.996 89.486 1040.031
24.794 167.952 962.704
28.735 18.720 873.433
129.295 18.025 963.378
146.081 62.354 993.993
126.491 94.319 911.092
152.147 92.472 980.007
67.462 54.951 1071.290
176.165 171.963 882.841
86.655 111.152 982.111
195.565 195.765 1026.388
75.084 90.278 989.269
139.117 90.510 983.460
146.377 132.487 1060.601
94.769 43.345 1004.646
101.129 65.248 1020.111
55.882 157.556 1035.109
127.024 123.085 955.186
190.148 100.639 1026.812
33.480 179.980 970.892
71.661 145.099 918.634
101.569 166.754 916.902
136.676 191.369 1060.030
9.085 130.357 1042.596
115.569 163.875 1067.920
67.575 118.914 1017.088
109.568 8.844 1077.355
121.727 195.395 925.772
110.398 69.982 1067.302
153.196 62.966 949.422
183.491 106.708 1054.274
2.757 110.319 1028.932
11.398 40.656 980.300
5.677 134.350 974.172
140.492 1.382 1031.965
24.922 189.935 984.158
138.481 141.233 1059.984
174.952 62.109 1000.927
66.312 147.048 921.957
66.927 48.768 991.246
171.015 103.079 1032.283
197.405 62.859 967.115
69.946 142.507 1071.930
72.083 22.441 1078.796
90.161 182.991 1014.593
139.509 33.265 954.793
91.023 110.344 984.319
98.307 116.441 936.367
28.957 176.191 996.788
31.460 106.586 1021.531
57.101 25.779 1015.502
128.601 105.108 981.116
75.533 129.898 1091.319
15.657 17.830 1056.959
173.715 105.309 940.906
168.176 26.007 980.734
197.065 184.510 1004.373
111.408 146.478 913.142
55.517 35.280 853.040
31.548 11.308 1018.546
5.691 156.163 980.378
9.319 165.890 1021.601
100.109 165.552 1059.911
45.351 15.310 1029.857
9.893 184.133 1036.704
193.502 148.695 912.563
6.314 135.875 963.063
137.554 129.727 910.776
134.654 167.766 1004.748
144.113 170.918 996.822
186.175 33.043 953.496
125.286 109.891 961.976
23.803 72.207 980.951
131.771 44.226 991.420
198.299 139.806 972.619
180.025 58.786 888.927
107.900 8.447 1003.614
5.815 174.376 1056.301
179.901 188.552 1004.956
95.524 146.243 977.250
103.340 73.167 969.367
192.788 139.147 1047.466
31.921 100.556 1026.528
43.320 53.412 919.246
62.759 87.179 1033.492
118.497 161.511 902.861
0.000 144.789 9337.588
158.152 0.000 10436.146
200.000 113.633 10470.950
19.435 200.000 10249.470
0.000 23.951 10355.081
141.239 0.000 9141.155
200.000 18.735 10696.613
144.040 200.000 9326.878
0.000 7.734 10442.249
152.324 0.000 10638.417
200.000 111.165 9782.411
4.382 200.000 9580.424
0.000 137.386 10556.156
78.254 0.000 9328.998
200.000 64.080 10666.263
31.974 200.000 9220.031
0.000 69.837 10632.747
81.069 0.000 10255.622
200.000 160.244 9198.411
95.955 200.000 9999.081
0.000 111.443 9660.721
198.082 0.000 9898.833
200.000 122.701 9721.651
158.982 200.000 9624.549
0.000 99.758 10781.014
131.813 0.000 9954.392
200.000 59.258 9914.482
47.771 200.000 10113.027
0.000 189.279 9812.264
152.304 0.000 9482.353
200.000 62.094 9643.371
158.137 200.000 10488.386
0.000 73.053 10532.149
20.992 0.000 9795.658
200.000 31.744 10461.461
151.134 200.000 10220.319
0.000 71.547 9792.394
28.983 0.000 9418.263
200.000 155.029 10154.840
10.675 200.000 10297.769
0.000 148.128 10210.062
67.026 0.000 10823.592
200.000 171.326 9920.037
182.534 200.000 9885.742
0.000 89.261 10744.594
189.474 0.000 9055.918
200.000 113.532 9931.529
42.638 200.000 9376.800
0.000 170.154 10072.069
183.923 0.000 8996.347
200.000 172.635 9941.933
135.961 200.000 10119.922
0.000 180.677 10460.826
174.455 0.000 10074.674
200.000 17.174 9902.961
141.498 200.000 10115.617
0.000 161.792 9850.054
82.965 0.000 10079.280
200.000 30.112 9937.467
78.135 200.000 10324.255
