15.650 59.834 0.106 -0.043 1010.399
77.537 166.658 0.075 0.022 1018.962
29.328 79.944 0.096 -0.026 1080.851
109.482 174.665 0.079 0.013 954.582
171.977 167.526 0.092 -0.012 929.307
186.276 93.762 0.093 0.014 919.177
164.601 135.362 0.081 -0.021 1014.868
74.650 82.869 0.059 0.003 971.944
164.916 92.698 0.070 -0.002 961.705
9.887 13.120 0.144 -0.012 980.672
191.166 93.249 0.098 0.018 908.316
127.417 178.490 0.087 0.032 999.214
34.058 81.840 0.092 0.004 1021.310
18.105 164.800 0.146 0.000 1011.976
29.260 128.718 0.074 -0.003 1026.584
5.778 157.450 0.293 -0.069 1002.721
167.357 130.950 0.081 -0.026 966.765
193.756 116.675 0.355 -0.084 983.879
95.401 15.996 0.081 0.030 1058.632
35.607 117.280 0.069 -0.005 1000.501
128.242 164.408 0.080 0.017 976.144
13.680 30.294 0.094 0.006 1093.068
163.883 60.621 0.070 -0.001 1071.204
6.283 38.048 0.092 0.004 1007.995
103.148 107.624 0.053 -0.008 941.271
173.195 100.244 0.094 0.022 1001.241
70.348 8.429 0.188 0.001 927.026
79.750 135.689 0.065 0.015 1045.262
44.059 122.911 0.062 -0.001 916.115
99.679 168.760 0.064 0.001 1055.667
144.557 182.372 0.123 -0.002 998.586
95.756 78.965 0.055 0.002 946.923
83.077 165.952 0.083 -0.002 1046.351
11.992 26.317 0.118 0.006 1016.617
99.376 56.951 0.060 0.003 996.399
177.930 19.747 0.132 0.019 1015.232
54.078 7.359 0.103 -0.023 1074.698
10.208 63.246 0.164 -0.104 963.480
90.515 59.969 0.057 0.000 1051.452
134.365 89.569 0.073 0.016 1040.031
25.385 167.964 0.117 0.002 962.704
29.191 18.636 0.090 -0.012 873.433
129.730 17.832 0.087 -0.039 963.378
146.390 62.381 0.061 0.005 993.993
126.796 94.288 0.060 -0.006 911.092
152.456 92.439 0.061 -0.006 980.007
67.778 54.974 0.063 0.005 1071.290
176.682 171.899 0.103 -0.013 882.841
86.911 111.139 0.051 -0.003 982.111
196.057 195.613 0.097 -0.030 1026.388
75.361 90.327 0.055 0.010 989.269
139.520 90.511 0.080 0.000 983.460
146.688 132.420 0.062 -0.013 1060.601
95.028 43.364 0.051 0.004 1004.646
101.470 65.311 0.067 0.013 1020.111
56.187 157.518 0.060 -0.008 1035.109
127.298 123.108 0.054 0.005 955.186
190.829 100.941 0.136 0.061 1026.812
34.076 180.053 0.118 0.015 970.892
72.007 145.143 0.069 0.009 918.634
101.890 166.770 0.063 0.003 916.902
137.871 191.569 0.240 0.042 1060.030
9.894 130.051 0.155 -0.054 1042.596
115.918 163.909 0.069 0.007 1067.920
67.836 118.921 0.052 0.001 1017.088
109.974 8.832 0.080 -0.002 1077.355
122.339 195.457 0.122 0.013 925.772
110.699 70.034 0.060 0.010 1067.302
153.559 62.954 0.072 -0.003 949.422
184.158 106.818 0.133 0.022 1054.274
5.863 109.548 0.518 -0.111 1028.932
11.836 40.624 0.087 -0.007 980.300
7.015 133.673 0.250 -0.124 974.172
144.212 19.090 0.499 2.041 1031.965
25.837 189.928 0.181 -0.000 984.158
138.773 141.202 0.058 -0.006 1059.984
175.443 62.144 0.098 0.007 1000.927
66.749 146.922 0.087 -0.025 921.957
67.237 48.806 0.062 0.009 991.246
171.395 103.101 0.075 0.004 1032.283
189.878 56.132 -0.932 -1.194 967.115
70.293 142.544 0.069 0.007 1071.930
72.470 22.382 0.077 -0.012 1078.796
90.561 183.016 0.079 0.005 1014.593
139.839 33.229 0.066 -0.007 954.793
91.299 110.332 0.055 -0.002 984.319
98.595 116.447 0.057 0.001 936.367
29.564 176.336 0.120 0.029 996.788
31.861 106.542 0.079 -0.009 1021.531
57.448 25.705 0.069 -0.015 1015.502
128.954 105.130 0.070 0.004 981.116
75.850 129.927 0.063 0.006 1091.319
16.231 17.657 0.114 -0.034 1056.959
174.225 105.421 0.101 0.022 940.906
168.667 26.031 0.098 0.005 980.734
197.677 184.059 0.122 -0.090 1004.373
111.684 146.503 0.055 0.005 913.142
55.816 35.206 0.059 -0.015 853.040
32.122 11.472 0.113 0.032 1018.546
6.902 156.125 0.237 -0.005 980.378
10.508 166.018 0.232 0.026 1021.601
100.420 165.565 0.061 0.003 1059.911
45.756 15.293 0.080 -0.003 1029.857
11.067 184.410 0.230 0.049 1036.704
194.305 149.122 0.161 0.087 912.563
7.743 135.343 0.272 -0.102 963.063
137.873 129.766 0.063 0.008 910.776
135.078 167.850 0.084 0.017 1004.748
144.541 170.879 0.085 -0.007 996.822
186.955 32.998 0.156 -0.009 953.496
125.608 109.819 0.064 -0.014 961.976
24.264 72.209 0.091 0.000 980.951
132.044 44.185 0.054 -0.007 991.420
198.944 139.811 0.128 0.001 972.619
180.614 58.743 0.118 -0.009 888.927
108.310 8.444 0.081 -0.001 1003.614
7.269 174.580 0.282 0.038 1056.301
180.504 188.550 0.119 -0.000 1004.956
95.803 146.274 0.055 0.006 977.250
103.678 73.168 0.067 0.000 969.367
193.397 139.157 0.121 0.002 1047.466
32.313 100.502 0.078 -0.011 1026.528
43.583 53.358 0.052 -0.011 919.246
63.025 87.154 0.053 -0.005 1033.492
118.838 161.561 0.067 0.010 902.861
