*******ITERATION 250*******
--- asteroid 0 vs asteroids ---
0 0 0.000 0.785
0 1 0.002 -0.785
0 2 0.002 0.785
0 3 0.002 -0.785
0 4 0.002 0.785
0 5 0.002 0.785
0 6 0.002 0.785
0 7 0.021 0.785
0 8 0.021 -0.657
0 9 0.011 -0.785
--- asteroid 0 vs planets ---
0 0 0.011 0.359
0 1 0.001 0.785
0 2 0.001 -0.426
0 3 0.001 -0.785
0 4 0.001 0.000
--- asteroid 1 vs asteroids ---
1 0 0.002 0.785
1 1 0.002 -0.229
1 2 0.000 0.248
1 3 0.004 0.622
1 4 0.004 0.785
1 5 0.022 -0.785
1 6 0.022 0.785
1 7 0.002 -0.331
1 8 0.002 0.460
1 9 0.004 0.785
--- asteroid 1 vs planets ---
1 0 0.004 -0.785
1 1 0.016 -0.785
1 2 0.016 0.528
1 3 0.101 0.785
1 4 0.101 0.000
--- asteroid 2 vs asteroids ---
2 0 0.002 -0.785
2 1 0.002 -0.229
2 2 0.004 -0.484
2 3 0.004 0.785
2 4 0.000 -0.785
2 5 0.006 0.171
2 6 0.006 -0.033
2 7 0.003 -0.195
2 8 0.003 0.785
2 9 0.004 -0.785
--- asteroid 2 vs planets ---
2 0 0.004 -0.710
2 1 0.007 0.160
2 2 0.007 0.785
2 3 0.004 -0.785
2 4 0.004 0.000
--- asteroid 3 vs asteroids ---
3 0 0.002 0.785
3 1 0.002 0.248
3 2 0.027 -0.484
3 3 0.027 0.761
3 4 0.007 0.785
3 5 0.007 0.785
3 6 0.000 0.626
3 7 0.003 0.785
3 8 0.003 0.529
3 9 0.008 0.785
--- asteroid 3 vs planets ---
3 0 0.008 -0.785
3 1 0.013 0.785
3 2 0.013 0.611
3 3 0.011 0.785
3 4 0.011 0.000
--- asteroid 4 vs asteroids ---
4 0 0.021 -0.785
4 1 0.021 0.622
4 2 0.002 0.785
4 3 0.002 0.761
4 4 0.003 0.135
4 5 0.003 0.785
4 6 0.003 0.717
4 7 0.003 0.785
4 8 0.000 -0.341
4 9 0.009 -0.785
--- asteroid 4 vs planets ---
4 0 0.009 0.051
4 1 0.002 0.785
4 2 0.002 0.140
4 3 0.001 -0.785
4 4 0.001 0.000
--- asteroid 5 vs asteroids ---
5 0 0.011 0.785
5 1 0.011 0.785
5 2 0.004 -0.785
5 3 0.004 0.785
5 4 0.003 0.135
5 5 0.003 0.785
5 6 0.008 0.785
5 7 0.008 0.785
5 8 0.012 -0.020
5 9 0.012 0.785
--- asteroid 5 vs planets ---
5 0 0.000 -0.034
5 1 0.002 0.785
5 2 0.002 0.137
5 3 0.003 0.785
5 4 0.003 0.000
--- asteroid 6 vs asteroids ---
6 0 0.001 0.785
6 1 0.001 -0.785
6 2 0.016 0.171
6 3 0.016 0.785
6 4 0.007 0.785
6 5 0.007 0.785
6 6 0.012 -0.546
6 7 0.012 0.785
6 8 0.001 0.740
6 9 0.001 0.785
--- asteroid 6 vs planets ---
6 0 0.002 -0.785
6 1 0.002 0.122
6 2 0.000 0.785
6 3 0.028 0.785
6 4 0.028 0.000
--- asteroid 7 vs asteroids ---
7 0 0.001 0.785
7 1 0.001 0.785
7 2 0.076 -0.033
7 3 0.076 0.626
7 4 0.004 0.717
7 5 0.004 0.785
7 6 0.013 -0.546
7 7 0.013 0.396
7 8 0.001 0.558
7 9 0.001 0.785
--- asteroid 7 vs planets ---
7 0 0.003 -0.785
7 1 0.003 -0.785
7 2 0.034 0.615
7 3 0.034 0.785
7 4 0.000 0.000
--- asteroid 8 vs asteroids ---
8 0 0.002 0.785
8 1 0.002 -0.331
8 2 0.062 -0.195
8 3 0.062 0.785
8 4 0.007 0.785
8 5 0.007 0.785
8 6 0.057 0.785
8 7 0.057 0.396
8 8 0.002 0.592
8 9 0.002 0.785
--- asteroid 8 vs planets ---
8 0 0.005 -0.785
8 1 0.005 0.785
8 2 0.036 0.658
8 3 0.036 0.785
8 4 0.043 0.000
--- asteroid 9 vs asteroids ---
9 0 0.008 -0.657
9 1 0.008 0.460
9 2 0.002 0.785
9 3 0.002 0.529
9 4 0.003 -0.341
9 5 0.003 -0.020
9 6 0.003 0.740
9 7 0.003 0.558
9 8 0.049 0.592
9 9 0.049 -0.686
--- asteroid 9 vs planets ---
9 0 0.006 -0.026
9 1 0.006 0.668
9 2 0.001 0.785
9 3 0.001 -0.686
9 4 0.001 0.000
