100 50 50 2000
15.115 60.053 1010.399
77.158 166.549 1018.962
28.844 80.077 1080.851
109.085 174.598 954.582
171.511 167.585 929.307
185.805 93.690 919.177
164.194 135.468 1014.868
74.353 82.851 971.944
164.562 92.706 961.705
9.158 13.176 980.672
190.674 93.158 908.316
126.977 178.330 999.214
33.593 81.819 1021.310
17.367 164.799 1011.976
28.885 128.732 1026.584
4.256 157.846 1002.721
166.947 131.082 966.765
192.048 117.060 983.879
94.993 15.845 1058.632
35.259 117.305 1000.501
127.837 164.322 976.144
13.201 30.264 1093.068
163.531 60.625 1071.204
5.820 38.056 1007.995
102.880 107.663 941.271
172.721 100.134 1001.241
69.400 8.413 927.026
79.421 135.612 1045.262
43.747 122.914 916.115
99.354 168.754 1055.667
143.934 182.350 998.586
95.480 78.955 946.923
82.659 165.961 1046.351
11.393 26.288 1016.617
99.072 56.934 996.399
177.264 19.648 1015.232
53.558 7.472 1074.698
9.371 63.783 963.480
90.225 59.967 1051.452
133.996 89.486 1040.031
24.794 167.952 962.704
28.735 18.720 873.433
129.295 18.025 963.378
146.081 62.354 993.993
126.491 94.319 911.092
152.147 92.472 980.007
67.462 54.951 1071.290
176.165 171.963 882.841
86.655 111.152 982.111
195.565 195.765 1026.388
75.084 90.278 989.269
139.117 90.510 983.460
146.377 132.487 1060.601
94.769 43.345 1004.646
101.129 65.248 1020.111
55.882 157.556 1035.109
127.024 123.085 955.186
190.148 100.639 1026.812
33.480 179.980 970.892
71.661 145.099 918.634
101.569 166.754 916.902
136.676 191.369 1060.030
9.085 130.357 1042.596
115.569 163.875 1067.920
67.575 118.914 1017.088
109.568 8.844 1077.355
121.727 195.395 925.772
110.398 69.982 1067.302
153.196 62.966 949.422
183.491 106.708 1054.274
2.757 110.319 1028.932
11.398 40.656 980.300
5.677 134.350 974.172
140.492 1.382 1031.965
24.922 189.935 984.158
138.481 141.233 1059.984
174.952 62.109 1000.927
66.312 147.048 921.957
66.927 48.768 991.246
171.015 103.079 1032.283
197.405 62.859 967.115
69.946 142.507 1071.930
72.083 22.441 1078.796
90.161 182.991 1014.593
139.509 33.265 954.793
91.023 110.344 984.319
98.307 116.441 936.367
28.957 176.191 996.788
31.460 106.586 1021.531
57.101 25.779 1015.502
128.601 105.108 981.116
75.533 129.898 1091.319
15.657 17.830 1056.959
173.715 105.309 940.906
168.176 26.007 980.734
197.065 184.510 1004.373
111.408 146.478 913.142
55.517 35.280 853.040
31.548 11.308 1018.546
5.691 156.163 980.378
0.000 9.319 10212.214
122.609 0.000 10222.986
200.000 100.109 9745.083
15.310 200.000 10305.773
0.000 162.015 9747.381
62.584 0.000 10778.262
200.000 6.314 10585.283
129.727 200.000 10559.108
0.000 1.218 10015.026
55.056 0.000 10492.586
200.000 134.654 10251.464
170.918 200.000 10386.302
0.000 19.716 10382.323
33.043 0.000 9975.661
200.000 125.286 9057.661
25.386 200.000 10249.358
0.000 23.803 10698.987
44.226 0.000 9388.529
200.000 12.118 10300.032
58.786 200.000 10149.241
0.000 41.492 10003.303
70.933 0.000 10315.978
200.000 107.900 10046.146
172.376 200.000 10538.748
0.000 179.901 9982.490
146.243 0.000 10346.404
200.000 30.596 10052.565
73.167 200.000 9188.902
0.000 192.788 10538.652
164.948 0.000 10580.933
200.000 31.921 9246.575
53.412 200.000 10007.387
0.000 117.840 9508.451
87.179 0.000 9432.249
200.000 118.497 9848.016
79.264 200.000 10661.147
0.000 144.789 10337.661
145.003 0.000 10404.081
200.000 113.633 9720.961
141.239 200.000 10174.728
0.000 118.544 9603.838
144.040 0.000 9888.545
200.000 9.589 10208.396
56.312 200.000 9500.198
0.000 7.734 9723.380
160.057 0.000 10707.107
200.000 111.165 10568.790
78.254 200.000 9436.055
0.000 128.815 9316.247
31.974 0.000 9447.598
