15.115 60.053 0.000 0.000 1010.399
77.158 166.549 0.000 0.000 1018.962
28.844 80.077 0.000 0.000 1080.851
109.085 174.598 0.000 0.000 954.582
171.511 167.585 0.000 0.000 929.307
185.805 93.690 0.000 0.000 919.177
164.194 135.468 0.000 0.000 1014.868
74.353 82.851 0.000 0.000 971.944
164.562 92.706 0.000 0.000 961.705
9.158 13.176 0.000 0.000 980.672
190.674 93.158 0.000 0.000 908.316
126.977 178.330 0.000 0.000 999.214
33.593 81.819 0.000 0.000 1021.310
17.367 164.799 0.000 0.000 1011.976
28.885 128.732 0.000 0.000 1026.584
4.256 157.846 0.000 0.000 1002.721
166.947 131.082 0.000 0.000 966.765
192.048 117.060 0.000 0.000 983.879
94.993 15.845 0.000 0.000 1058.632
35.259 117.305 0.000 0.000 1000.501
127.837 164.322 0.000 0.000 976.144
13.201 30.264 0.000 0.000 1093.068
163.531 60.625 0.000 0.000 1071.204
5.820 38.056 0.000 0.000 1007.995
102.880 107.663 0.000 0.000 941.271
172.721 100.134 0.000 0.000 1001.241
69.400 8.413 0.000 0.000 927.026
79.421 135.612 0.000 0.000 1045.262
43.747 122.914 0.000 0.000 916.115
99.354 168.754 0.000 0.000 1055.667
143.934 182.350 0.000 0.000 998.586
95.480 78.955 0.000 0.000 946.923
82.659 165.961 0.000 0.000 1046.351
11.393 26.288 0.000 0.000 1016.617
99.072 56.934 0.000 0.000 996.399
177.264 19.648 0.000 0.000 1015.232
53.558 7.472 0.000 0.000 1074.698
9.371 63.783 0.000 0.000 963.480
90.225 59.967 0.000 0.000 1051.452
133.996 89.486 0.000 0.000 1040.031
24.794 167.952 0.000 0.000 962.704
28.735 18.720 0.000 0.000 873.433
129.295 18.025 0.000 0.000 963.378
146.081 62.354 0.000 0.000 993.993
126.491 94.319 0.000 0.000 911.092
152.147 92.472 0.000 0.000 980.007
67.462 54.951 0.000 0.000 1071.290
176.165 171.963 0.000 0.000 882.841
86.655 111.152 0.000 0.000 982.111
195.565 195.765 0.000 0.000 1026.388
75.084 90.278 0.000 0.000 989.269
139.117 90.510 0.000 0.000 983.460
146.377 132.487 0.000 0.000 1060.601
94.769 43.345 0.000 0.000 1004.646
101.129 65.248 0.000 0.000 1020.111
55.882 157.556 0.000 0.000 1035.109
127.024 123.085 0.000 0.000 955.186
190.148 100.639 0.000 0.000 1026.812
33.480 179.980 0.000 0.000 970.892
71.661 145.099 0.000 0.000 918.634
101.569 166.754 0.000 0.000 916.902
136.676 191.369 0.000 0.000 1060.030
9.085 130.357 0.000 0.000 1042.596
115.569 163.875 0.000 0.000 1067.920
67.575 118.914 0.000 0.000 1017.088
109.568 8.844 0.000 0.000 1077.355
121.727 195.395 0.000 0.000 925.772
110.398 69.982 0.000 0.000 1067.302
153.196 62.966 0.000 0.000 949.422
183.491 106.708 0.000 0.000 1054.274
2.757 110.319 0.000 0.000 1028.932
11.398 40.656 0.000 0.000 980.300
5.677 134.350 0.000 0.000 974.172
140.492 1.382 0.000 0.000 1031.965
24.922 189.935 0.000 0.000 984.158
138.481 141.233 0.000 0.000 1059.984
174.952 62.109 0.000 0.000 1000.927
66.312 147.048 0.000 0.000 921.957
66.927 48.768 0.000 0.000 991.246
171.015 103.079 0.000 0.000 1032.283
197.405 62.859 0.000 0.000 967.115
69.946 142.507 0.000 0.000 1071.930
72.083 22.441 0.000 0.000 1078.796
90.161 182.991 0.000 0.000 1014.593
139.509 33.265 0.000 0.000 954.793
91.023 110.344 0.000 0.000 984.319
98.307 116.441 0.000 0.000 936.367
28.957 176.191 0.000 0.000 996.788
31.460 106.586 0.000 0.000 1021.531
57.101 25.779 0.000 0.000 1015.502
128.601 105.108 0.000 0.000 981.116
75.533 129.898 0.000 0.000 1091.319
15.657 17.830 0.000 0.000 1056.959
173.715 105.309 0.000 0.000 940.906
168.176 26.007 0.000 0.000 980.734
197.065 184.510 0.000 0.000 1004.373
111.408 146.478 0.000 0.000 913.142
55.517 35.280 0.000 0.000 853.040
31.548 11.308 0.000 0.000 1018.546
5.691 156.163 0.000 0.000 980.378
9.319 165.890 0.000 0.000 1021.601
100.109 165.552 0.000 0.000 1059.911
45.351 15.310 0.000 0.000 1029.857
9.893 184.133 0.000 0.000 1036.704
193.502 148.695 0.000 0.000 912.563
6.314 135.875 0.000 0.000 963.063
137.554 129.727 0.000 0.000 910.776
134.654 167.766 0.000 0.000 1004.748
144.113 170.918 0.000 0.000 996.822
186.175 33.043 0.000 0.000 953.496
125.286 109.891 0.000 0.000 961.976
23.803 72.207 0.000 0.000 980.951
131.771 44.226 0.000 0.000 991.420
198.299 139.806 0.000 0.000 972.619
180.025 58.786 0.000 0.000 888.927
107.900 8.447 0.000 0.000 1003.614
5.815 174.376 0.000 0.000 1056.301
179.901 188.552 0.000 0.000 1004.956
95.524 146.243 0.000 0.000 977.250
103.340 73.167 0.000 0.000 969.367
192.788 139.147 0.000 0.000 1047.466
31.921 100.556 0.000 0.000 1026.528
43.320 53.412 0.000 0.000 919.246
62.759 87.179 0.000 0.000 1033.492
118.497 161.511 0.000 0.000 902.861
