*******ITERATION 1*******
--- asteroid 0 vs asteroids ---
0 0 0.000 0.785
0 1 0.003 0.785
0 2 0.087 0.785
0 3 0.002 0.602
0 4 0.001 0.785
--- asteroid 0 vs planets ---
0 0 0.276 0.000
--- asteroid 1 vs asteroids ---
1 0 0.003 0.785
1 1 0.000 0.785
1 2 0.007 0.247
1 3 0.060 0.011
1 4 0.005 0.785
--- asteroid 1 vs planets ---
1 0 0.022 0.000
--- asteroid 2 vs asteroids ---
2 0 0.087 0.785
2 1 0.005 0.785
2 2 0.000 0.785
2 3 0.004 0.550
2 4 0.002 0.785
--- asteroid 2 vs planets ---
2 0 0.131 0.000
--- asteroid 3 vs asteroids ---
3 0 0.002 0.785
3 1 0.058 0.247
3 2 0.003 0.785
3 3 0.000 -0.112
3 4 0.011 0.785
--- asteroid 3 vs planets ---
3 0 0.016 0.000
--- asteroid 4 vs asteroids ---
4 0 0.001 0.602
4 1 0.007 0.011
4 2 0.002 0.550
4 3 0.015 -0.112
4 4 0.000 0.727
--- asteroid 4 vs planets ---
4 0 0.011 0.000
*******ITERATION 2*******
--- asteroid 0 vs asteroids ---
0 0 0.000 0.785
0 1 0.003 0.785
0 2 0.087 0.785
0 3 0.002 0.602
0 4 0.001 0.785
--- asteroid 0 vs planets ---
0 0 0.276 0.000
--- asteroid 1 vs asteroids ---
1 0 0.003 0.785
1 1 0.000 0.785
1 2 0.007 0.247
1 3 0.060 0.011
1 4 0.005 0.785
--- asteroid 1 vs planets ---
1 0 0.022 0.000
--- asteroid 2 vs asteroids ---
2 0 0.087 0.785
2 1 0.005 0.785
2 2 0.000 0.785
2 3 0.004 0.550
2 4 0.002 0.785
--- asteroid 2 vs planets ---
2 0 0.131 0.000
--- asteroid 3 vs asteroids ---
3 0 0.002 0.785
3 1 0.058 0.247
3 2 0.003 0.785
3 3 0.000 -0.112
3 4 0.011 0.785
--- asteroid 3 vs planets ---
3 0 0.016 0.000
--- asteroid 4 vs asteroids ---
4 0 0.001 0.602
4 1 0.007 0.011
4 2 0.002 0.550
4 3 0.015 -0.112
4 4 0.000 0.727
--- asteroid 4 vs planets ---
4 0 0.011 0.000
