15.190 60.060 0.029 0.003 1010.399
77.259 166.546 0.040 -0.001 1018.962
28.908 80.080 0.006 -0.006 1080.851
109.163 174.598 0.031 0.000 954.582
171.576 167.583 0.025 -0.001 929.307
185.950 93.763 0.057 0.029 919.177
164.279 135.430 0.033 -0.015 1014.868
74.408 82.863 0.021 0.005 971.944
164.640 92.733 0.030 0.011 961.705
9.494 13.193 0.131 0.006 980.672
190.819 93.231 0.057 0.029 908.316
127.049 178.349 0.028 0.007 999.214
33.614 81.806 0.028 0.002 1021.310
17.486 164.824 0.047 0.010 1011.976
28.962 128.725 0.030 -0.003 1026.584
4.465 157.763 0.081 -0.032 1002.721
166.993 131.088 0.018 0.002 966.765
192.496 116.988 0.178 -0.029 983.879
95.086 15.865 0.037 0.008 1058.632
35.320 117.312 0.024 0.003 1000.501
127.888 164.331 0.020 0.004 976.144
13.381 30.281 0.070 0.007 1093.068
163.593 60.628 0.024 0.001 1071.204
6.086 38.022 0.104 -0.013 1007.995
102.933 107.651 0.021 -0.005 941.271
172.778 100.149 0.022 0.006 1001.241
69.648 8.396 0.097 -0.007 927.026
79.486 135.608 0.025 -0.001 1045.262
43.786 122.910 0.015 -0.001 916.115
99.397 168.736 0.017 -0.007 1055.667
144.006 182.316 0.028 -0.013 998.586
95.522 78.950 0.017 -0.002 946.923
82.687 165.944 0.011 -0.007 1046.351
11.573 26.306 0.070 0.007 1016.617
99.132 56.946 0.024 0.005 996.399
177.386 19.672 0.048 0.009 1015.232
53.858 7.355 0.118 -0.046 1074.698
9.400 63.799 0.012 0.006 963.480
90.260 59.974 0.014 0.003 1051.452
134.073 89.483 0.030 -0.001 1040.031
24.868 167.974 0.029 0.009 962.704
28.865 18.665 0.051 -0.022 873.433
129.390 18.009 0.037 -0.006 963.378
146.133 62.358 0.020 0.001 993.993
126.523 94.329 0.013 0.004 911.092
152.184 92.476 0.014 0.001 980.007
67.513 54.970 0.020 0.008 1071.290
176.197 171.919 0.012 -0.017 882.841
86.678 111.153 0.009 0.000 982.111
195.619 195.748 0.021 -0.007 1026.388
75.099 90.267 0.006 -0.005 989.269
139.109 90.501 -0.003 -0.004 983.460
146.414 132.475 0.014 -0.005 1060.601
94.803 43.351 0.014 0.002 1004.646
101.147 65.241 0.007 -0.003 1020.111
55.931 157.557 0.019 0.000 1035.109
127.052 123.080 0.011 -0.002 955.186
190.362 100.735 0.085 0.038 1026.812
33.583 179.997 0.040 0.007 970.892
71.690 145.102 0.011 0.001 918.634
101.612 166.736 0.017 -0.007 916.902
136.821 191.381 0.057 0.005 1060.030
9.291 130.378 0.080 0.008 1042.596
115.588 163.877 0.007 0.001 1067.920
67.601 118.915 0.010 0.001 1017.088
109.661 8.829 0.036 -0.006 1077.355
121.866 195.451 0.055 0.022 925.772
110.409 69.974 0.004 -0.003 1067.302
153.204 62.973 0.003 0.003 949.422
183.633 106.750 0.056 0.017 1054.274
2.959 110.134 0.078 -0.072 1028.932
11.494 40.670 0.038 0.006 980.300
5.849 134.452 0.067 0.040 974.172
141.897 0.946 0.623 -0.198 1031.965
25.083 189.983 0.063 0.019 984.158
138.500 141.232 0.007 -0.000 1059.984
174.980 62.116 0.011 0.003 1000.927
66.333 147.037 0.008 -0.004 921.957
66.943 48.756 0.006 -0.005 991.246
171.070 103.094 0.022 0.006 1032.283
197.444 62.865 0.015 0.003 967.115
69.974 142.511 0.011 0.001 1071.930
72.153 22.464 0.027 0.009 1078.796
90.225 182.948 0.025 -0.017 1014.593
139.556 33.246 0.018 -0.007 954.793
91.046 110.345 0.009 0.000 984.319
98.304 116.436 -0.001 -0.002 936.367
29.002 176.173 0.018 -0.007 996.788
31.484 106.570 0.009 -0.006 1021.531
57.166 25.776 0.025 -0.001 1015.502
128.606 105.108 0.002 0.000 981.116
75.525 129.888 -0.003 -0.004 1091.319
15.801 17.818 0.057 -0.005 1056.959
173.771 105.324 0.022 0.006 940.906
168.245 26.044 0.027 0.015 980.734
197.093 184.490 0.011 -0.007 1004.373
111.417 146.472 0.004 -0.002 913.142
55.550 35.288 0.013 0.003 853.040
31.716 11.193 0.066 -0.045 1018.546
5.898 156.082 0.081 -0.032 980.378
