*******ITERATION 1*******
--- asteroid 0 vs asteroids ---
0 0 0.000000 0.785398
0 1 0.003198 0.785398
0 2 0.087432 0.785398
0 3 0.002416 0.602331
0 4 0.001230 -0.785398
--- asteroid 0 vs planets ---
0 0 0.038638 0.000000
--- asteroid 1 vs asteroids ---
1 0 0.003198 0.785398
1 1 0.000000 0.785398
1 2 0.007264 0.246965
1 3 0.059878 0.010981
1 4 0.006887 -0.244577
--- asteroid 1 vs planets ---
1 0 0.098841 0.000000
--- asteroid 2 vs asteroids ---
2 0 0.087432 0.785398
2 1 0.005297 0.785398
2 2 0.000000 0.785398
2 3 0.003818 0.550193
2 4 0.001692 -0.785398
--- asteroid 2 vs planets ---
2 0 0.055207 0.000000
--- asteroid 3 vs asteroids ---
3 0 0.002074 0.785398
3 1 0.058064 0.246965
3 2 0.003167 0.785398
3 3 0.000000 -0.111871
3 4 0.014924 -0.102383
--- asteroid 3 vs planets ---
3 0 0.048698 0.000000
--- asteroid 4 vs asteroids ---
4 0 0.001433 0.602331
4 1 0.007098 0.010981
4 2 0.002040 0.550193
4 3 0.014909 -0.111871
4 4 0.000000 -0.105839
--- asteroid 4 vs planets ---
4 0 0.019164 0.000000
*******ITERATION 2*******
--- asteroid 0 vs asteroids ---
0 0 0.000000 0.785398
0 1 0.003198 0.785398
0 2 0.087432 0.785398
0 3 0.002416 0.602331
0 4 0.001230 -0.785398
--- asteroid 0 vs planets ---
0 0 0.038638 0.000000
--- asteroid 1 vs asteroids ---
1 0 0.003198 0.785398
1 1 0.000000 0.785398
1 2 0.007264 0.246965
1 3 0.059878 0.010981
1 4 0.006887 -0.244577
--- asteroid 1 vs planets ---
1 0 0.098841 0.000000
--- asteroid 2 vs asteroids ---
2 0 0.087432 0.785398
2 1 0.005297 0.785398
2 2 0.000000 0.785398
2 3 0.003818 0.550193
2 4 0.001692 -0.785398
--- asteroid 2 vs planets ---
2 0 0.055207 0.000000
--- asteroid 3 vs asteroids ---
3 0 0.002074 0.785398
3 1 0.058064 0.246965
3 2 0.003167 0.785398
3 3 0.000000 -0.111871
3 4 0.014924 -0.102383
--- asteroid 3 vs planets ---
3 0 0.048698 0.000000
--- asteroid 4 vs asteroids ---
4 0 0.001433 0.602331
4 1 0.007098 0.010981
4 2 0.002040 0.550193
4 3 0.014909 -0.111871
4 4 0.000000 -0.105839
--- asteroid 4 vs planets ---
4 0 0.019164 0.000000
